-1.036110126965715361e+00
-4.705331217188633564e-01
1.839171713174273970e+00
-9.947804080882611810e-01
-1.164421575591321867e+00
1.107607087520865008e+00
2.211211961198496501e-01
4.995237880145275700e-01
-1.601447388725904419e+00
4.218657776737521070e-01
-4.031769045259824269e-01
-1.300026679926432838e+00
-8.831302135855837454e-01
-4.502116556599237707e-01
-5.358852859688036929e-01
4.039777697729711736e-01
-2.452230981053710734e-01
-1.954887703982130520e-01
2.377372408914311119e-01
-3.505961700281914895e-01
5.027589853561742483e-02
1.291908704146477405e+00
1.517251561510142732e+00
-8.547859033668180340e-01
1.548177143557101676e+00
7.453493523642834573e-01
1.440840168312306213e+00
1.458410840137341458e+00
-1.464957791948726440e+00
3.522073358161216805e-01
-5.944114760721740387e-01
1.238244955933347269e+00
1.032687722860177598e-01
6.017753608682556710e-01
2.338397075036992567e-01
-5.367546442452896249e-01
3.708357839597611894e-01
8.662981424679587761e-01
4.842801783179653125e-02
-5.096399749037410221e-01
-9.644794376254078871e-01
6.040545888063079127e-01
-1.324882063579783387e-01
-8.415643938619205011e-01
2.209322028282063172e-02
1.814843709419869944e+00
-2.791605617614900225e+00
5.928742894157189580e-01
1.843776765429359976e+00
5.426464345730296346e-01
7.306355589387875105e-02
-3.453126149749612961e-01
-2.140219418599815349e+00
-9.849302284703147503e-01
6.090279206229044506e-01
-2.794335146920857715e-01
-3.235220624175236259e-01
1.250523678753107548e+00
9.940590070594825800e-01
-9.090420016065243747e-01
6.422556525067332767e-02
-1.302327360732093986e+00
2.982904821134111928e-01
-2.037320618078417300e-01
1.451567677093145381e+00
7.006240307353851504e-01
9.137772497102921720e-01
-3.044404788004304585e-01
1.468672436813146520e-01
4.070162907164599497e-01
-2.597491077065648302e+00
-8.756921910300423662e-01
9.330296695180606559e-01
-2.453478529247651863e-01
3.988512999051528896e-01
-2.212766100618307752e-01
-4.114318541897088455e-01
-4.176367302313417906e-01
8.939116930286326035e-01
-1.983631111039897199e+00
-5.638106086952279772e-02
-2.635485093848346505e+00
-1.187450811801356254e+00
7.047489116947685574e-04
3.837623927103184229e-01
3.029647590846288457e-03
1.340255505276892523e+00
-1.156129327184929334e+00
-4.174966878372490808e-01
-4.276540869623383645e-01
1.773155536004843214e+00
-8.527518549846462292e-01
-3.080058673062642249e-01
-7.611305002429156197e-01
-3.097089645264423097e-01
3.859549781727850126e-01
-1.571097391736972160e+00
-1.079056798217823548e-01
-6.018561703339857516e-01
-4.826450526617555026e-01
1.062723121366740298e+00
-7.515175303611513202e-01
8.630513276390929800e-01
5.212130799165545225e-01
1.204265713597688220e-01
-2.639889574534177719e-01
-2.018408543008094025e+00
-1.161589886591854137e+00
2.591076968699951855e-01
3.198515187892279621e-01
-1.462402655899934123e+00
-8.174012140139215177e-01
-1.605057034062167820e-01
-1.075669572285224002e-01
-2.693419984520430410e-01
-6.391632357486605465e-02
3.662702694129781333e-01
7.990226600941695567e-01
3.379118569856224275e-01
2.901177422265605599e-01
-1.897225407610834580e+00
5.693504630242119946e-01
-8.511332854552454419e-02
-1.105367174238884934e-02
-8.555735536208991521e-01
-2.888747303851915693e-02
1.401735832343629751e+00
4.584304607904423068e-01
2.151127987312643430e+00
2.247140144395899153e+00
-1.693587984328318363e+00
-1.430208409420606008e+00
-1.775912663461835628e+00
-9.501169766903456715e-01
-2.548062293347253537e-01
-7.478274499125393548e-01
-1.431577432022672403e+00
-4.771570679787378033e-01
-1.356720250751395906e-01
4.159339670435120984e-01
2.667880861039252927e-01
2.434871378316272039e-01
2.047113208050755362e-01
-1.119494405928904257e+00
9.234261702592635457e-01
1.298180918132624040e+00
9.265144961935464218e-01
1.484285288383407675e+00
2.080328268032865802e-01
1.071051272291908829e-01
-8.968290203635153057e-01
-4.955377839863008838e-01
-2.425517594135562782e-01
-2.116343290948952960e-01
-3.338612904843801799e-01
2.487833542971173983e-01
-1.807369242388115582e+00
1.611807279023806938e+00
3.092485216248096469e-01
-8.028940403028955730e-01
1.269292013003417319e+00
-3.993787898437945079e-03
-1.282758249738586986e+00
9.937803946848864367e-01
8.653652754688380133e-01
-7.283389695853036416e-01
-1.133007212238631656e+00
-2.192863075304418707e-01
-3.863813797105931092e-01
-1.679355773539728203e+00
-7.858092720393794472e-01
1.627965942949596956e+00
2.493648831182934955e-01
1.891104066872629330e+00
-1.054203804095719815e-01
-5.105744853676104089e-01
-2.667918929655836990e-01
-1.190598821364938109e+00
2.238579167480631016e-01
-1.391083892913116682e-01
7.263649487681632655e-01
5.723551134732799417e-01
1.013233072037063032e+00
1.560814165215236526e+00
-7.093631938847960727e-01
5.620934051400038739e-02
3.997386056453470782e-01
-3.882450692907003509e-01
1.975161692377016831e-01
-2.716707586612703285e-01
8.507377966281255699e-02
7.886590692339551234e-01
-8.981366889376086737e-01
4.662872566391928347e-02
8.401221759447859982e-01
-8.654262927192394317e-01
6.115171483549618481e-01
-3.668204884115422448e-01
9.104266260559951141e-02
-1.883043041584018806e-01
5.195267715966982447e-01
-8.343389912695325927e-01
-2.101487998066665919e-01
1.466303642768445048e-01
-1.086572716274723183e+00
-6.088913767136185928e-01
-1.193037265451363460e+00
-4.619162468581552994e-01
-7.289679230461969528e-01
-1.515050518780675315e+00
5.199309030382230912e-01
5.339614855632071055e-01
9.974790352920497316e-01
4.462475979008364013e-01
7.761420194591891475e-01
3.157540159535359714e-01
1.188671667260120302e+00
-7.869408480283650587e-01
-2.172861844861267322e+00
1.775733351756555223e+00
1.908965285502292941e+00
-9.702141411200470023e-01
3.610065389581847139e-02
-1.400255270155678078e-01
-1.411883749879826455e+00
-4.528600794811757924e-01
-1.274251103479418168e+00
-6.424070621127744296e-01
-2.868456524397935276e-02
-1.707355564127314818e+00
-1.007454120720375546e+00
1.291881219549342874e-01
6.926017449480645904e-01
-4.023470318717527472e-01
6.712335508802311779e-01
1.446566464517681505e-01
-6.528928554933297601e-01
-9.871925487301081992e-01
-9.712031750858519941e-02
-3.319333953430169681e-01
1.603582043354221526e-02
9.005623082395172174e-01
-5.931633798250517398e-01
4.730862298856032822e-01
-1.197297186999575214e+00
-1.870915077290921380e-01
-6.448210191871820429e-01
4.593715812748785376e-01
-1.046153241978291737e+00
-1.238620222068598231e+00
-3.263774635785843779e-03
1.287937619095791963e-01
-8.981449025050132207e-01
-2.251526406864876317e-01
-9.537865492479510321e-01
1.219396870219384033e+00
3.473580059378229556e-01
-1.691272490206511825e-01
-1.202463043426272415e+00
6.560448122484578981e-01
3.984234681138468237e-01
-9.005955168504706787e-01
2.153940902400557800e+00
-1.088122828758769201e+00
2.262992452463003623e+00
-3.341887504584547530e-01
-7.431615035521520196e-02
-8.167597660912698787e-01
-3.463378270595521280e-01
5.109644782568335541e-01
-2.365273973220038517e+00
-3.838611880633558404e-01
6.251074950110516726e-01
2.909337703422077426e-01
-1.388263909972928367e+00
-4.741736288560796098e-01
-1.704889535957207769e-01
2.320649819133512037e-01
-7.003959914337860582e-01
9.081054323080912649e-01
-2.961964803143623051e-02
-5.778456986915572052e-02
-1.405692475509059958e-01
1.715854738783192612e+00
-1.975003152653028171e-01
3.276148414325235070e-01
1.026545425995383454e+00
-7.096571427300746304e-01
-2.246143037254860975e+00
-1.950326535851145238e+00
3.571802154145439778e-01
3.572036665601427963e-01
-5.701318676509212202e-02
-5.523615355374248415e-01
-2.227880102742230695e-01
4.949368896926360506e-01
-4.937389885736301331e-01
8.933207564678141699e-01
-1.514429287525220547e+00
9.087464896455049734e-01
-4.807345510585994131e-01
-3.529036991791364430e-01
8.230940235805618288e-01
-1.255656394237642193e+00
-1.248808001802264700e+00
-4.935928494618322948e-01
1.949786339535081181e-01
4.417154704127367326e-01
5.059182846526845134e-01
-2.664656537764849897e+00
9.697799838809230133e-01
-1.192805427370640770e+00
5.259778703862134641e-01
6.514392951663794396e-01
-4.699268938065296886e-01
2.062004285685874905e+00
2.055370533555661350e+00
3.655817199716687171e-01
1.074588985408447162e+00
-8.558783595371874942e-01
7.799234929001686023e-01
1.088306886992878919e+00
-1.852944657048328114e+00
2.144211083587905797e+00
3.749790813911765830e-02
-1.291798271910245433e+00
7.965898718577026916e-01
1.908014576001613172e+00
-5.517549309394046420e-01
-3.434661243069665471e-01
-8.293198439629771990e-01
-1.905037497945691882e-01
2.318548913765723363e+00
1.246866765611492456e+00
-1.588363560209668790e-01
-7.476399542071653359e-01
-1.544703414767417959e-01
-1.081640604435928493e-01
3.168645576486192050e-01
1.008206361427047559e+00
-2.378990232320066928e-03
1.802669718695171897e+00
-1.548461805622537657e+00
-5.928999812074643438e-01
8.544113522695195861e-01
1.470026256413827337e+00
1.010532404883393021e+00
4.317350567494028790e-01
-1.579323403622803434e+00
-1.760515465641501853e+00
-6.527582866238496040e-01
-1.283492417371631111e+00
1.641475078201863669e+00
-1.227760564786084085e+00
1.132230336532179943e-02
1.081730080988230425e+00
-1.398502787965432148e+00
-2.790754790364783355e-01
6.150130861688770656e-01
-9.821290746805443339e-01
2.090866452506565665e-01
-3.303217290459033451e-01
-4.016909245514267424e-01
1.516240842482752926e+00
8.983344289836403540e-02
-1.293311150687138866e+00
-5.761489081000438217e-01
5.205784124515568934e-01
-6.620191852924028897e-01
-1.424379461886389198e+00
-7.073049558665102099e-01
-5.993513626619054735e-01
-3.897353669130605436e-01
1.137108891153426393e+00
8.181092387408579469e-01
-1.071398565954482018e+00
7.125155364064179597e-01
2.557763380652003704e+00
-2.087432272784936760e-01
5.784034412923789725e-01
4.664843590233186954e-01
8.416203738514925758e-01
-6.913400700412784816e-02
-1.359945791704711138e-01
-4.359078979852034075e-01
1.195662506339045666e-01
-1.530002405688265232e-01
-1.770393446539985094e+00
-4.434057073243033442e-01
-6.713114672285344087e-01
7.588249573186526264e-01
-1.270662146282107274e+00
4.514150269169227986e-02
-4.830293270205544137e-02
-3.040672876360715066e-02
7.865591393586279789e-01
-2.626135293446684393e+00
1.243811071775659416e+00
1.029409637776186104e+00
-8.081241597865199480e-03
-2.824121941538663139e-01
2.416956042166262808e+00
-5.372591964201430814e-01
8.272627353570967124e-01
1.854009712640448670e-01
-3.245924444172771373e-01
1.191466143162443203e-01
-1.074506325858498368e+00
2.479246547601083039e-01
-6.611991589413922510e-01
9.169812958152284699e-01
-4.924152432521745892e-02
5.255261220874837269e-01
-1.209100810476658294e+00
-1.503990628920560235e+00
-1.702546966116930349e+00
6.498731985287523605e-01
-1.120736722024623155e+00
-2.982947090894860209e-01
-5.358270379266685257e-01
-3.170829123558288609e-01
-1.294829653946182324e+00
1.111875618039558367e+00
-2.269792044628134164e-02
-4.856876720845710871e-01
-1.802609906371199777e+00
4.566568004801994096e-01
-2.186978570590880633e-01
1.875662813233407167e-01
6.915520377188265622e-01
5.713169126104450379e-01
-3.743779389533270496e-01
1.130676605111819777e+00
1.895683925474999365e-01
2.740124093858988807e-01
4.067465331938745488e-01
6.284440743333807866e-01
1.354543730683885061e-01
-6.170156515988389767e-01
1.939320317729744891e+00
-2.186926806508095567e+00
-3.203721504804591391e-01
-6.363405594832960421e-01
3.198670592100814197e-02
1.494358928792995922e-01
1.845097241379485553e-02
8.238322171116557735e-02
-4.772731081728909808e-01
-2.057510338924011806e-01
-4.500341526658060420e-01
-4.201015418661749878e-01
1.093523414864233878e+00
-2.734111132530566146e-01
5.124578332126951130e-01
2.054318794156185124e+00
-5.804213510202087534e-01
4.778289871367152331e-01
2.637743383065055958e-01
-1.227853194168045947e-01
3.817647533502114277e-01
-2.374917451667834523e-01
6.902616374711558755e-01
-7.850929262018422339e-01
-1.363554778882559437e-01
5.441602163691616756e-01
-7.637619453345346754e-01
-1.341717860754173541e+00
2.015047896957877782e-01
-1.061361706630743890e-01
1.599310176447869658e+00
8.463808296391944763e-01
1.992167744721363043e+00
-3.155275356843827428e-01
9.548675372633971259e-01
-1.015558292964184428e+00
-1.698703089405762645e+00
-4.563834077605514183e-01
-2.697041767534074097e-01
-3.002806074104424905e-01
-5.513531767075274120e-02
-1.774576767220826357e+00
2.715710435803017631e-01
-1.809813128043855635e+00
9.859199195502049706e-01
-9.320787597985550343e-01
1.294900243536656115e+00
-5.213718381739320534e-02
-1.607050118608078781e+00
-2.428391670097264921e-01
1.155780731580493992e+00
5.864690309831548376e-01
1.227733761502789234e+00
-2.031431874729733078e+00
2.918265054199299158e+00
-1.791380857251597236e+00
7.835184972939155390e-01
-1.202824293387726229e+00
1.199247936647004131e+00
-1.946917641982237157e+00
1.704006890890164660e+00
-3.910265634573233484e+01
7.521325525435828752e+01
4.252184885729370194e+02
5.997385231233717207e+01
3.265406690908968699e+02
2.988179820588068765e+02
2.032151667405288364e+01
-6.189855595282482454e+02
-2.394208550302512251e+01
-6.922604792270639109e+02
-3.485094836485141734e+00
1.414021881226659616e+02
4.380651083180687237e+02
-2.410665863758088889e+01
2.207017586807401983e+02
5.785389573771803384e+01
1.624416199578840292e+02
1.445177634429423961e+02
-1.657257805031857458e+02
1.918787279742090277e+02
-2.321286445858781349e+02
-5.602564595634851230e+02
-1.991737049686853993e+02
-1.656358011170793247e+02
-2.245204889580683698e+02
6.008553373093412375e+01
-1.579155409098742382e+02
-2.437688614125894446e+02
-5.179284196836360934e+02
4.493472710337424019e+02
-4.005864273805756426e+01
3.917489508466501889e+02
-5.965973113746102854e+02
1.936023670916228809e+02
-5.394745972293521845e+02
-2.557564726736419232e+02
8.843429916399041701e+01
2.406572555898372912e+02
-1.517597501246880398e+01
6.315333102688276767e+02
1.106006893898508281e+02
3.273039309343917580e+01
-8.774918536590477913e+01
-5.995499527300221132e+01
2.205069802551184068e+02
-2.236751237392790017e+02
2.449184682418158161e+02
5.713806214300414155e+01
-1.616234638841655453e+02
3.712308187986139387e+02
-2.411874914374236880e+02
-2.199465692989560921e+02
-2.102566426941772306e+02
-3.314508012981331717e+02
5.957562936090114647e+01
-2.181598493752561865e+02
3.024845317838223195e+02
7.675927292939060465e+01
8.140385581374371782e+01
1.265898250578700868e+02
-8.559867809745674094e+01
-1.094623532659355476e+02
2.329531432181252057e+02
-1.818271724062367696e+02
-1.783969179720164675e+02
3.885119778880389845e+02
-2.787472861595103382e+02
2.038414466300730865e+01
-2.455209260884688547e+02
2.265003807927045898e+02
1.588022163277026948e+02
-2.772289205683588875e+02
5.194135545160661422e+02
2.057748643658201502e+02
-6.564511611394947010e+01
-1.610663676272735643e+02
-6.754124368346808183e+01
6.887286540471767182e+01
-1.794947732708340595e+02
1.659888964654161896e+02
-2.149036792399975297e+02
5.332868254419241794e+02
1.270837822789293625e+02
-2.389023787097302147e+02
-5.154944532425588477e+01
-5.128978654086663482e+02
-7.595830331909020572e+01
2.157885940871905746e+02
-3.056481433855788055e+02
1.570626006027661390e+02
2.366342903630636840e+02
-2.927408518635135124e+02
2.218231836084056283e+02
-3.829904270891101419e+02
1.745216973826994717e+02
1.895690720933485522e+02
2.541537651405740803e+02
4.632278788873994557e+01
-7.943117877862272636e+00
-3.943422760490388441e+02
2.035284885221922764e+02
-1.421788692744963214e+02
3.684555851285649624e+02
1.858230429466405838e+02
-2.869853499415569331e+02
-3.687697333396569661e+02
-3.635864142541346951e+02
-2.624260423446708046e+02
-2.775741684976578085e+02
2.991993729593186657e+01
8.286810445940712810e+00
1.735118681365250666e+02
-1.765428748095090157e+02
-2.311466678215789159e+02
-1.833869159027449030e+02
-6.048617998730966860e+01
7.277757106368376583e+01
-2.788212730688122747e+02
8.143664131296219466e+01
-8.413377841324833639e+01
2.883196174938419745e+02
7.876122251302764710e+01
-3.422917257775245758e+01
3.067368099964108978e+02
-1.761009154514458999e+02
-6.705363410914317228e+02
-2.585276609425308152e+02
-1.257772231851932503e+02
-2.406560069619619568e+01
2.726526716782026938e+01
4.204557639155576680e+02
-9.082625076443116541e+01
1.333475128759304482e+02
2.393431826766914696e+02
-2.812715904427565761e+02
-2.971388565253366778e+02
7.282886958722461657e+01
-9.011546156363061755e+01
-4.874127657602931407e+01
4.769802728296494365e+01
1.425655930033460379e+02
-2.943411755928501634e+02
1.130960694139554903e+02
-3.210081278240783149e+02
9.090187695183865912e+01
-8.700526830466323247e+01
-4.609710533011410121e+02
4.294559467118463658e+01
-4.114675388524103141e+02
-1.773598170260001439e+02
-5.716021460161508827e+01
1.161570712295380901e+02
-3.365934107411822538e+02
-4.225491999859689827e+02
3.247037675019340099e+02
7.007076539438993734e+01
3.314493383984417392e+02
1.655024449931805464e+02
-1.570493228370496013e+02
-3.577954984878135178e+02
1.029385436136424090e+02
-1.368595011739686527e+02
1.157785144256379652e+02
1.463835869533509708e+02
1.358705550787690868e+02
5.252215807733710662e+00
-4.356011859115897096e+02
1.039407204929750179e+02
2.342871107522271643e+02
-3.253164561768469980e+02
9.938181366103322034e+01
2.370048793862191587e+02
-1.427859813427974132e+02
-7.292898470242219844e+01
-3.034507378762285867e+01
8.734792715750180037e+01
2.143650591448241869e+02
-1.931356957975579292e+02
6.136553525854698137e+02
-3.018406304715325632e+02
6.478942753345587562e+02
4.733766014608016235e+02
8.243994430741601320e+01
-4.179555345619664308e+02
1.468611868226477384e+02
-2.464984432953251314e+02
-1.401949662086801993e+02
3.775733684823936898e+01
-1.982935468950816755e+02
6.362553866699136051e+02
2.499841909959381780e+02
2.091127294432141923e+02
-9.503108729079448480e+00
-2.804661714622286581e+02
-1.621085956572914029e+02
-4.742261365826138331e+01
-1.239941176913183227e+02
3.575240284505232324e+01
-9.009230174936752746e+02
-3.360945787363021253e+01
4.490524779610567521e+02
3.532083108760344885e+02
1.366090977427324731e+02
-4.370927517990596129e+02
-3.523880191584966042e+02
1.301085736116151850e+02
-5.063411724714125057e+02
-4.023213280847193687e+02
-5.453491672661427856e+02
-1.978655134849576882e+02
2.211547591621209676e+02
2.691583726379425343e+02
1.142947340610145233e+02
-3.979448969032279848e+01
-5.933394786058048567e+02
2.903257168861679247e+02
1.307723866478135051e+02
8.932220169325199777e+01
-6.417210280520923504e+01
2.277791079473538787e+02
5.809790915160285607e+01
2.773628085216043928e+02
2.262812332128392256e+02
-2.817534714899844630e+02
9.393039024941417381e+01
2.076950496050168340e+02
1.986048510388617387e+02
8.768229269065466269e+01
-2.236364166889084402e+02
-1.655111722424744869e+02
1.729636923997462716e+01
-2.652777636665885552e+02
4.091495467242548330e+02
6.151061053391566702e+02
1.819556938562744222e+02
4.930452230464845798e+01
-3.894520208646729884e+02
-8.329645037785214257e+00
1.061755368926488501e+02
-4.375925125196852150e+02
3.034645059136448140e+02
4.033839931061283579e+01
-3.611756749949885403e+01
-3.390538881362398911e+02
-1.426551623581079582e+02
-6.588727191968465036e+01
-1.896418208688386997e+01
3.277896433602985553e+02
-3.762591832456495808e+02
-4.469349289347454146e+01
2.048033173520251751e+02
-3.801403363089980871e+02
9.750011729701247987e+02
1.109107304673471930e+02
-5.660546850135057184e+02
3.578924008979650466e+02
-4.345594538144464281e+00
-1.355697425374764578e+02
-1.915324864460507399e+02
-1.048714049556355121e+02
1.443606103301202666e+02
-1.005130360158957359e+02
-3.208373923410289308e+02
-2.211579802572515803e+02
-2.221798225163246912e+02
2.354649871762260318e+02
4.373667936166714867e+02
3.186379067019900049e+02
3.280078623284908304e+02
6.830015200967374085e+02
-1.531080628778873916e+02
-1.898827535395929260e+02
-6.689020414965776240e+01
1.516527150319462294e+02
8.786386680523638688e+02
2.591473118051146685e+02
-1.755411021129777112e+02
2.885451774455733585e+02
2.573490462268703709e+02
1.177615501979094148e+02
-3.393969222778844710e+02
8.380789553795447944e+01
2.326828661751584946e+02
-2.389144825324851240e+02
-1.345654631856556023e+02
-3.306974882466716394e+02
8.709434821647285219e+01
1.158936327881882278e+02
-5.099759231907256662e+01
-1.869462509519032380e+02
1.933213788585176474e+02
4.190376909873677960e+02
5.369782980545355713e+02
-1.757462045976363356e+02
1.533648490908741735e+02
8.522781037567722251e+01
4.844636476941047221e+01
5.696234622088969672e+02
-2.343389642345926802e+02
-1.488275651876264050e+01
3.863847463579015198e+02
-1.494717752307451519e+02
-1.918631863605154706e+02
-2.598450991846326374e+01
-6.418147912024156199e+01
-1.322374468488476751e+01
-1.673919711339141543e+02
1.557927800748702793e+02
-5.332735671371533499e+02
-4.240396045035284374e+02
-2.005284939165946412e+02
3.779746609744140642e+02
-3.604019737147077080e+02
-5.422627944261948585e+01
-3.479499551933340484e+01
-3.066598131770796698e+01
2.056456819621178624e+02
-4.150757004768061620e+01
-9.301194544360542693e+01
-1.771461695208939702e+01
-6.284198527806845505e+02
1.275789001300378267e+01
-2.054247524047487161e+02
1.470940647267354393e+02
4.503119219473182966e+02
-5.380861908356898766e+02
8.946149367375669215e+01
-9.730985171270246425e+00
-2.532734211676413736e+02
2.715712455027144188e+02
1.602116963078113088e+01
1.302678022519506840e+02
-3.596960749768476973e+01
5.103469424810757005e+01
-3.677326155787867492e+02
-1.385090587335854018e+01
3.468706124611872497e+02
-1.591938025412766535e+02
1.363988411946037331e+02
-2.534670769555155090e+01
-1.839105746534598609e+02
2.146571509263554276e+02
-1.115196086110173290e+01
3.534207294317407673e+02
-2.224712459234226856e+02
-8.530322805166845512e+01
-3.677020951547606842e+01
1.325852768685455487e+02
6.432080121166991660e+01
-8.397206605540505109e+01
4.854792278115396442e+01
-1.786535904244719575e+02
2.890772538942924257e+02
-1.840106560853293445e+02
2.323923681007454434e+02
1.284834483979126389e+02
-3.355916796757884413e+02
-7.059407945588157318e+00
3.893592112889067636e+01
4.212174419160601815e+02
1.760937619262094529e+02
3.966359459305775772e+02
8.454193889619283198e+01
3.003372582435017080e+02
8.451423898303936255e+01
4.329491197638013489e+01
-3.250334913809714408e+02
1.132882320552804316e+02
-2.134973759067466119e+02
-1.215560978038154047e+02
1.441784786253359130e+01
-2.126186952699422932e+02
-1.218756173089218180e+02
-3.613118508811527363e+02
-3.177081416863896948e+02
-3.948310947441610210e+02
-2.241357309368373194e+02
2.079340743168245638e+02
4.121858714657075495e+01
1.419644668311898386e+02
-3.484518113259995289e+02
4.983576979625409464e+00
-1.261642360538426999e+02
-2.242050909327457759e+02
-1.688348791722130215e+01
2.321699535311159082e+02
8.775781010491476763e+01
3.467204910941248386e+02
-3.507063194637652259e+02
-1.415035973930721411e+02
4.987778690641218873e+02
-2.388779339280651755e+02
-2.937305439480365976e+01
7.495781660697504378e+01
3.762623546276134903e+02
-2.520498332928490584e+02
-2.242289488292328770e+02
-2.865557998151882302e+01
-4.601580334377395047e+02
-4.836681114993258035e+01
-2.558364445415283228e+02
-3.099303353294292851e+00
-1.817341853390717290e+02
5.019000747935675122e+01
1.500014482919741283e+02
-2.119325847903345448e+02
1.876631091476340885e+02
-9.352907584782806794e+01
-6.899486375857173925e+02
9.174876504927459564e+01
9.298675895807453173e+01
1.759601783366705661e+02
2.672989150501878157e+02
-1.654609585627061819e+01
3.167673867388134923e+01
2.125125523200218254e+02
1.407931388412724516e+02
3.460407276822974154e+02
-1.489267852302801316e+02
1.542088275792459058e+02
2.433178485371191471e+02
-2.235636623917681334e+02
1.474338013753023233e+02
5.839413299925458887e+02
4.324682509963723831e+00
4.367579625234692458e+02
1.276522038598445334e+02
6.159110168876502200e+01
5.641002274639134129e+01
6.092093284160969233e+02
-2.235958253236320203e+01
2.335757674893764317e+02
2.202531860972729021e+02
-4.517989729442471116e+02
3.723739531803726095e+02
2.647440110417788901e+02
1.034559741544431688e+02
3.271592556745425640e+01
4.279564485783536725e+02
2.558351962965343773e+02
-5.318534259664824759e+01
-4.602593525523004132e+02
8.053571099710464978e+02
-2.105376407445829727e+02
-9.965159372842340701e+01
4.472119871159273998e+02
9.814413980989108666e+01
-8.635168615183623331e+01
-1.090963715924783770e+02
-8.050282442694400231e+01
-3.396699320189198943e+02
4.896468235629428136e+02
-9.167553093887207183e+01
-3.476825752354965289e+02
2.481471594076609790e+02
-6.240154562976529462e+01
-4.056332854923827540e+02
3.563113279723027631e+02
7.730222174180578065e+01
-5.772235104656759859e+02
3.736929660642625350e+01
-3.818674567129080515e+02
-1.611401936054331259e+02
-5.831092090424514254e+02
1.056461161259898915e+02
2.957165728197207386e+02
-2.052383355258715483e+02
1.450210297263063239e+02
4.917521227042423675e+02
1.107812236405443400e+02
-4.018474772795378271e+02
-3.434465645655636195e+02
1.531073462698739434e+02
-3.912424603761461981e+02
-4.446931726495152475e+02
8.323847359319030659e+01
3.409906969974509252e+02
7.876177199923813532e+01
-4.086724948601445817e+01
-1.861345100835408743e+02
-1.966436845888515705e+01
-3.613869517555501432e+01
-1.198753292111491646e+02
-2.333709160906401507e+02
3.520421141717872047e+02
6.088153487945319284e+02
1.990480450082904724e+02
6.720433972732731718e+02
-4.066131014893359179e+02
-2.225209270596744204e+02
2.759917844061940855e+02
4.920904721231315193e+02
8.566175306620239738e+00
3.633457353897721305e+02
5.865215951473204541e+02
-2.460088234659500017e+02
-2.486014812027972454e+01
1.316008385515070245e+02
-5.762936965664271582e+01
4.810091654820713813e+01
